"Time"	"2 "
0.000	0.03342
0.002	0.04257
0.004	0.00412
0.006	0.02641
0.008	0.03087
0.010	-0.01231
0.012	-0.00394
0.014	0.22044
0.016	0.00031
0.018	-0.02533
0.020	0.00880
0.022	0.02274
0.024	0.00015
0.026	0.02731
0.028	0.03387
0.030	-0.01373
0.032	-0.00763
0.034	0.04257
0.036	-0.00168
0.038	-0.01404
0.040	0.03006
0.042	0.03540
0.044	-0.00641
0.046	0.03143
0.048	0.04044
0.050	-0.03632
0.052	-0.02625
0.054	0.01541
0.056	-0.02533
0.058	-0.02945
0.060	0.02365
0.062	0.04349
0.064	0.00839
0.066	0.05585
0.068	0.05920
0.070	-0.00275
0.072	0.00397
0.074	0.03448
0.076	-0.01297
0.078	-0.02304
0.080	0.02518
0.082	0.00092
0.084	-0.05035
0.086	0.00153
0.088	0.01282
0.090	-0.05295
0.092	-0.02747
0.094	0.01770
0.096	-0.03143
0.098	-0.03708
0.100	0.02243
0.102	0.02945
0.104	-0.02350
0.106	0.02274
0.108	0.02502
0.110	-0.03891
0.112	-0.03693
0.114	-0.00214
0.116	-0.04959
0.118	-0.05798
0.120	0.00259
0.122	0.00168
0.124	-0.05539
0.126	-0.00473
0.128	0.00580
0.130	-0.03586
0.132	-0.01389
0.134	0.02808
0.136	-0.02197
0.138	-0.02472
0.140	0.02899
0.142	0.01541
0.144	-0.02701
0.146	0.03967
0.148	0.04578
0.150	-0.03571
0.152	-0.02579
0.154	0.00671
0.156	-0.04913
0.158	-0.05600
0.160	0.00259
0.162	0.00565
0.164	-0.04471
0.166	-0.00778
0.168	0.00031
0.170	-0.04639
0.172	-0.02365
0.174	0.00397
0.176	-0.06058
0.178	-0.04822
0.180	0.01129
0.182	-0.00977
0.184	-0.07462
0.186	-0.02991
0.188	0.00153
0.190	-0.05356
0.192	-0.03616
0.194	0.00763
0.196	-0.05447
0.198	-0.06210
0.200	-0.00107
0.202	-0.02289
0.204	-0.07385
0.206	-0.02838
0.208	-0.00671
0.210	-0.06287
0.212	-0.04791
0.214	-0.01114
0.216	-0.05966
0.218	-0.07217
0.220	-0.01892
0.222	-0.01556
0.224	-0.03891
0.226	0.02609
0.228	0.02777
0.230	-0.03540
0.232	-0.01862
0.234	0.03433
0.236	-0.01373
0.238	-0.01862
0.240	0.02808
0.242	0.01938
0.244	-0.01053
0.246	0.04898
0.248	0.04959
0.250	-0.02838
0.252	-0.00748
0.254	0.02655
0.256	-0.03036
0.258	-0.04089
0.260	0.02838
0.262	0.03174
0.264	-0.00961
0.266	0.01358
0.268	0.02716
0.270	-0.00580
0.272	0.01602
0.274	0.04578
0.276	-0.01602
0.278	-0.00351
0.280	0.04013
0.282	0.01465
0.284	-0.02060
0.286	0.04929
0.288	0.05692
0.290	-0.00153
0.292	0.00381
0.294	0.03159
0.296	-0.02167
0.298	-0.02350
0.300	0.02960
0.302	0.01404
0.304	-0.01373
0.306	0.04196
0.308	0.05356
0.310	-0.00443
0.312	0.02563
0.314	0.05600
0.316	0.00549
0.318	-0.00122
0.320	0.04211
0.322	0.03433
0.324	0.00488
0.326	0.04532
0.328	0.03159
0.330	-0.03281
0.332	-0.01968
0.334	-0.00565
0.336	-0.04181
0.338	-0.02991
0.340	0.02167
0.342	-0.00015
0.344	-0.03769
0.346	0.00076
0.348	0.01495
0.350	-0.00992
0.352	0.00824
0.354	0.01663
0.356	-0.05020
0.358	-0.02808
0.360	0.01495
0.362	0.00000
0.364	-0.02930
0.366	0.03067
0.368	0.02686
0.370	-0.00870
0.372	0.03006
0.374	0.05005
0.376	-0.02762
0.378	-0.01404
0.380	0.05402
0.382	0.03616
0.384	-0.00702
0.386	0.05219
0.388	0.04761
0.390	-0.01419
0.392	0.01297
0.394	0.03021
0.396	-0.02396
0.398	0.00824
0.400	0.06516
0.402	0.03174
0.404	0.00336
0.406	0.05951
0.408	0.07431
0.410	0.00992
0.412	0.02563
0.414	0.05020
0.416	0.00351
0.418	0.00946
0.420	0.06851
0.422	0.04944
0.424	0.01251
0.426	0.05951
0.428	0.06958
0.430	0.00732
0.432	0.03357
0.434	0.05081
0.436	-0.01389
0.438	-0.01770
0.440	0.06271
0.442	0.03433
0.444	-0.01007
0.446	0.03281
0.448	0.02045
0.450	-0.04517
0.452	-0.03586
0.454	-0.00687
0.456	-0.05280
0.458	-0.06470
0.460	-0.04196
0.462	-0.06882
0.464	-0.09262
0.466	-0.03647
0.468	-0.01816
0.470	-0.07111
0.472	-0.03876
0.474	-0.01389
0.476	-0.06302
0.478	-0.05798
0.480	0.00580
0.482	-0.00381
0.484	-0.03128
0.486	0.00702
0.488	0.01480
0.490	-0.03372
0.492	0.00000
0.494	0.02197
0.496	-0.02960
0.498	-0.02930
0.500	0.03067
0.502	0.02716
0.504	-0.00580
0.506	0.04715
0.508	0.04807
0.510	0.00015
0.512	0.02975
0.514	0.05402
0.516	-0.00671
0.518	-0.01343
0.520	0.03891
0.522	0.00977
0.524	-0.01724
0.526	0.03387
0.528	0.04135
0.530	-0.01236
0.532	0.02899
0.534	0.05676
0.536	0.00076
0.538	-0.00778
0.540	0.03922
0.542	0.03067
0.544	0.01083
0.546	0.01556
0.548	0.01846
0.550	-0.01785
0.552	0.01389
0.554	0.04303
0.556	-0.02487
0.558	-0.01907
0.560	0.02991
0.562	0.02533
0.564	-0.00473
0.566	0.03510
0.568	0.03418
0.570	-0.02472
0.572	0.00214
0.574	0.02426
0.576	-0.02319
0.578	-0.03983
0.580	0.00412
0.582	-0.01160
0.584	-0.02014
0.586	0.03372
0.588	0.03143
0.590	-0.03174
0.592	-0.00168
0.594	0.03052
0.596	-0.01373
0.598	-0.02396
0.600	0.03433
0.602	0.00122
0.604	-0.02304
0.606	0.03235
0.608	0.03464
0.610	-0.02075
0.612	0.00488
0.614	0.03677
0.616	-0.00336
0.618	-0.01877
0.620	0.03067
0.622	0.03433
0.624	0.01938
0.626	0.03143
0.628	0.03021
0.630	-0.02350
0.632	0.01755
0.634	0.04944
0.636	-0.00732
0.638	-0.01801
0.640	0.03098
0.642	0.00916
0.644	-0.02579
0.646	0.02090
0.648	0.02716
0.650	-0.02716
0.652	0.00198
0.654	0.01282
0.656	-0.04730
0.658	-0.04501
0.660	0.01053
0.662	-0.01129
0.664	-0.03281
0.666	0.00488
0.668	0.00275
0.670	-0.03159
0.672	-0.00015
0.674	-0.00595
0.676	-0.05585
0.678	-0.04730
0.680	0.00946
0.682	-0.00092
0.684	-0.02335
0.686	0.02365
0.688	0.03479
0.690	-0.01831
0.692	-0.00046
0.694	0.02304
0.696	-0.03387
0.698	-0.02579
0.700	0.02151
0.702	0.01129
0.704	-0.02258
0.706	0.02502
0.708	0.02548
0.710	-0.01373
0.712	0.02747
0.714	0.04639
0.716	0.01511
0.718	0.00595
0.720	0.02548
0.722	0.03967
0.724	0.00702
0.726	0.01770
0.728	0.01099
0.730	-0.05478
0.732	-0.03342
0.734	-0.01190
0.736	-0.06866
0.738	-0.08133
0.740	-0.04105
0.742	-0.05936
0.744	-0.08743
0.746	-0.02899
0.748	-0.00092
0.750	-0.03143
0.752	0.01022
0.754	0.03052
0.756	-0.01755
0.758	-0.02335
0.760	0.02853
0.762	0.01984
0.764	-0.00488
0.766	0.02518
0.768	0.01328
0.770	-0.03601
0.772	0.00107
0.774	0.01953
0.776	-0.02136
0.778	-0.01862
0.780	0.04562
0.782	-0.00046
0.784	-0.01541
0.786	0.03082
0.788	0.02502
0.790	-0.02838
0.792	0.00015
0.794	0.02594
0.796	-0.01877
0.798	0.01190
0.800	0.06729
0.802	0.02792
0.804	-0.00275
0.806	0.05005
0.808	0.06042
0.810	0.01648
0.812	0.04700
0.814	0.04227
0.816	-0.02457
0.818	-0.02731
0.820	0.00717
0.822	-0.03540
0.824	-0.06073
0.826	0.01465
0.828	0.02441
0.830	-0.03769
0.832	-0.00473
0.834	0.03967
0.836	-0.01129
0.838	-0.00900
0.840	0.02899
0.842	0.00702
0.844	-0.01862
0.846	0.01602
0.848	0.01083
0.850	-0.04364
0.852	-0.00565
0.854	0.01373
0.856	-0.03677
0.858	-0.04440
0.860	-0.00031
0.862	0.01038
0.864	0.02869
0.866	0.08621
0.868	0.08255
0.870	0.02029
0.872	0.03983
0.874	0.06668
0.876	0.01297
0.878	0.01343
0.880	0.04562
0.882	-0.00214
0.884	-0.03983
0.886	0.00595
0.888	0.00778
0.890	-0.02762
0.892	0.00656
0.894	0.04440
0.896	0.00778
0.898	0.01312
0.900	0.05447
0.902	0.02228
0.904	-0.01419
0.906	0.04395
0.908	0.03738
0.910	-0.02319
0.912	-0.01678
0.914	-0.01678
0.916	-0.06027
0.918	-0.02075
0.920	0.01129
0.922	-0.01877
0.924	-0.03708
0.926	0.01266
0.928	0.02136
0.930	-0.00717
0.932	0.02914
0.934	0.03311
0.936	-0.02335
0.938	-0.02731
0.940	0.00320
0.942	-0.02808
0.944	-0.05020
0.946	-0.00244
0.948	-0.01953
0.950	-0.06699
0.952	-0.03876
0.954	0.00427
0.956	-0.02502
0.958	-0.03510
0.960	-0.01083
0.962	-0.02655
0.964	-0.04028
0.966	0.01190
0.968	-0.00397
0.970	-0.05508
0.972	-0.04532
0.974	-0.02197
0.976	-0.06378
0.978	-0.05463
0.980	-0.00748
0.982	-0.03464
0.984	-0.04242
0.986	0.01785
0.988	0.01740
0.990	-0.00885
0.992	0.02258
0.994	0.03464
0.996	-0.03387
0.998	-0.02609
1.000	0.00793
1.002	-0.02258
1.004	-0.05066
1.006	0.00412
1.008	-0.00427
1.010	-0.03204
1.012	-0.00381
1.014	0.01236
1.016	-0.04654
1.018	-0.02289
1.020	0.01678
1.022	-0.01480
1.024	-0.04410
1.026	-0.00824
1.028	0.00412
1.030	-0.03891
1.032	-0.03021
1.034	-0.01862
1.036	-0.06012
1.038	-0.05386
1.040	-0.02426
1.042	-0.03815
1.044	-0.05219
1.046	0.02365
1.048	0.02274
1.050	-0.01068
1.052	0.01236
1.054	0.03906
1.056	0.00809
1.058	0.02548
1.060	0.03830
1.062	0.01419
1.064	0.00961
1.066	0.05432
1.068	0.04288
1.070	0.00656
1.072	0.03632
1.074	0.05768
1.076	0.00061
1.078	0.01617
1.080	0.03708
1.082	0.01465
1.084	0.00076
1.086	0.03586
1.088	0.03036
1.090	-0.00565
1.092	0.01022
1.094	0.02182
1.096	-0.04013
1.098	-0.01511
1.100	0.00854
1.102	-0.02029
1.104	-0.02914
1.106	0.02869
1.108	0.01251
1.110	-0.01144
1.112	-0.01541
1.114	0.00427
1.116	-0.04837
1.118	-0.01419
1.120	0.02457
1.122	0.00885
1.124	-0.01053
1.126	0.04684
1.128	0.03510
1.130	-0.01144
1.132	0.01129
1.134	0.02945
1.136	-0.03525
1.138	-0.04074
1.140	-0.02563
1.142	-0.04730
1.144	-0.06134
1.146	0.01068
1.148	0.01144
1.150	-0.00305
1.152	0.00870
1.154	0.01709
1.156	-0.04959
1.158	-0.01923
1.160	0.02396
1.162	0.00519
1.164	-0.03250
1.166	0.01450
1.168	0.00046
1.170	-0.02182
1.172	0.01114
1.174	0.01740
1.176	-0.03586
1.178	0.00809
1.180	0.03708
1.182	0.02060
1.184	-0.00168
1.186	0.05325
1.188	0.03845
1.190	0.02289
1.192	0.03784
1.194	0.04120
1.196	-0.00122
1.198	0.03052
1.200	0.02441
1.202	0.01160
1.204	-0.00488
1.206	0.04715
1.208	0.01587
1.210	-0.01083
1.212	0.02136
1.214	0.03922
1.216	-0.01495
1.218	0.00656
1.220	0.03494
1.222	0.00824
1.224	-0.01770
1.226	0.05020
1.228	0.04959
1.230	0.02090
1.232	0.04852
1.234	0.06897
1.236	-0.00580
1.238	0.01175
1.240	0.03723
1.242	0.05005
1.244	0.03235
1.246	0.07507
1.248	0.05051
1.250	0.02670
1.252	0.05341
1.254	0.07339
1.256	0.00473
1.258	0.01617
1.260	0.04318
1.262	0.01007
1.264	-0.01801
1.266	0.06149
1.268	0.04669
1.270	0.01251
1.272	0.03571
1.274	0.05707
1.276	-0.00809
1.278	0.00366
1.280	0.02319
1.282	0.01160
1.284	0.00275
1.286	0.05737
1.288	0.05112
1.290	0.03067
1.292	0.04791
1.294	0.04379
1.296	-0.01038
1.298	0.02151
1.300	0.04791
1.302	0.03326
1.304	0.01221
1.306	0.06073
1.308	0.02548
1.310	-0.01526
1.312	0.01602
1.314	0.04669
1.316	-0.01633
1.318	0.01587
1.320	0.03311
1.322	0.00031
1.324	-0.02701
1.326	0.02319
1.328	0.00107
1.330	-0.02136
1.332	0.01251
1.334	0.03647
1.336	-0.03571
1.338	0.00656
1.340	0.02304
1.342	0.00488
1.344	-0.00031
1.346	0.08011
1.348	0.06683
1.350	0.02182
1.352	0.03189
1.354	0.04684
1.356	-0.01480
1.358	0.00000
1.360	0.01907
1.362	0.00168
1.364	-0.02670
1.366	0.02136
1.368	-0.00336
1.370	-0.03586
1.372	0.00076
1.374	0.01740
1.376	-0.05035
1.378	-0.03296
1.380	-0.00153
1.382	-0.01450
1.384	-0.02441
1.386	0.02960
1.388	0.00854
1.390	-0.02502
1.392	0.00122
1.394	0.03387
1.396	-0.00885
1.398	0.00839
1.400	-0.00641
1.402	-0.02884
1.404	-0.03784
1.406	0.02274
1.408	-0.00534
1.410	-0.03311
1.412	-0.00610
1.414	0.01404
1.416	-0.05966
1.418	-0.04135
1.420	-0.01022
1.422	-0.01297
1.424	-0.03220
1.426	0.01984
1.428	-0.00626
1.430	-0.02701
1.432	-0.01404
1.434	-0.00076
1.436	-0.06607
1.438	-0.04105
1.440	-0.01923
1.442	-0.04105
1.444	-0.05341
1.446	0.01541
1.448	-0.01495
1.450	-0.04410
1.452	-0.01785
1.454	0.00839
1.456	-0.04990
1.458	-0.02411
1.460	-0.01526
1.462	-0.03876
1.464	-0.04013
1.466	0.02457
1.468	-0.00031
1.470	-0.03998
1.472	-0.01984
1.474	0.01389
1.476	-0.03891
1.478	-0.02075
1.480	0.01938
1.482	0.01099
1.484	-0.01083
1.486	0.03860
1.488	0.02823
1.490	-0.00427
1.492	0.01602
1.494	0.04425
1.496	-0.00153
1.498	0.01877
1.500	0.04517
1.502	0.02274
1.504	-0.00824
1.506	0.03876
1.508	0.02319
1.510	0.01373
1.512	0.04959
1.514	0.07751
1.516	0.01587
1.518	0.03143
1.520	0.03616
1.522	0.03754
1.524	0.02808
1.526	0.08728
1.528	0.05127
1.530	0.02350
1.532	0.03784
1.534	0.03494
1.536	-0.02243
1.538	0.00610
1.540	0.01724
1.542	-0.01251
1.544	-0.02487
1.546	0.02151
1.548	-0.00656
1.550	-0.02914
1.552	-0.01877
1.554	0.00641
1.556	-0.04318
1.558	-0.02991
1.560	-0.02441
1.562	-0.03906
1.564	-0.03799
1.566	0.04410
1.568	0.00305
1.570	-0.02502
1.572	0.00320
1.574	0.03906
1.576	-0.00839
1.578	-0.00244
1.580	-0.00015
1.582	-0.01282
1.584	-0.03738
1.586	0.02304
1.588	0.01007
1.590	-0.00839
1.592	0.00092
1.594	0.00305
1.596	-0.04517
1.598	0.00458
1.600	0.03189
1.602	0.01556
1.604	0.01434
1.606	0.06760
1.608	0.03479
1.610	0.02014
1.612	0.03860
1.614	0.06104
1.616	0.00061
1.618	0.01373
1.620	0.02930
1.622	0.00900
1.624	-0.01190
1.626	0.04929
1.628	0.01007
1.630	-0.02090
1.632	-0.00687
1.634	0.01114
1.636	-0.04837
1.638	-0.01968
1.640	0.01892
1.642	0.01190
1.644	-0.01480
1.646	0.01907
1.648	-0.00290
1.650	-0.00870
1.652	0.01434
1.654	0.01831
1.656	-0.02899
1.658	0.01266
1.660	0.00809
1.662	-0.03845
1.664	-0.05478
1.666	0.00519
1.668	-0.00946
1.670	-0.01724
1.672	-0.01541
1.674	-0.01801
1.676	-0.07690
1.678	-0.04364
1.680	-0.01099
1.682	-0.02533
1.684	-0.04013
1.686	0.00168
1.688	-0.03433
1.690	-0.06439
1.692	-0.03540
1.694	-0.00626
1.696	-0.05478
1.698	-0.02991
1.700	0.00046
1.702	-0.01221
1.704	-0.02167
1.706	0.03967
1.708	0.01587
1.710	-0.01678
1.712	0.00504
1.714	0.02014
1.716	-0.04684
1.718	-0.03235
1.720	-0.00854
1.722	-0.01465
1.724	-0.02792
1.726	0.02335
1.728	0.00046
1.730	-0.04562
1.732	-0.05524
1.734	-0.04333
1.736	-0.07919
1.738	-0.04822
1.740	-0.01526
1.742	-0.03265
1.744	-0.05554
1.746	-0.01999
1.748	-0.03357
1.750	-0.03021
1.752	-0.02640
1.754	-0.01068
1.756	-0.05936
1.758	-0.02686
1.760	0.00702
1.762	0.00305
1.764	0.00137
1.766	0.05417
1.768	0.02640
1.770	-0.01892
1.772	0.01740
1.774	0.05661
1.776	0.00931
1.778	0.03586
1.780	0.03952
1.782	0.00534
1.784	-0.02167
1.786	0.04730
1.788	0.04135
1.790	0.01968
1.792	0.02487
1.794	0.02960
1.796	-0.02838
1.798	-0.00031
1.800	0.03128
1.802	0.02243
1.804	-0.00824
1.806	0.03311
1.808	0.00793
1.810	-0.01755
1.812	0.01068
1.814	0.02319
1.816	-0.00961
1.818	0.01648
1.820	0.03555
1.822	0.02701
1.824	0.00443
1.826	0.05371
1.828	0.02319
1.830	-0.01999
1.832	-0.00961
1.834	0.01190
1.836	-0.03998
1.838	-0.04364
1.840	-0.02121
1.842	-0.00488
1.844	-0.01450
1.846	0.02319
1.848	0.00366
1.850	-0.01511
1.852	0.01617
1.854	0.03052
1.856	-0.00626
1.858	0.02213
1.860	0.03189
1.862	0.02365
1.864	0.01236
1.866	0.03586
1.868	-0.00259
1.870	-0.01343
1.872	0.00961
1.874	0.02014
1.876	-0.01724
1.878	0.00519
1.880	0.04837
1.882	0.03342
1.884	0.01907
1.886	0.06180
1.888	0.03326
1.890	-0.00336
1.892	0.02197
1.894	0.03403
1.896	-0.01266
1.898	0.00992
1.900	0.02808
1.902	-0.01358
1.904	-0.03555
1.906	0.02075
1.908	0.01617
1.910	0.00259
1.912	0.01709
1.914	0.02365
1.916	-0.03372
1.918	-0.01266
1.920	0.04807
1.922	0.03067
1.924	0.00931
1.926	0.04288
1.928	0.01465
1.930	-0.02914
1.932	-0.01984
1.934	-0.00275
1.936	-0.02396
1.938	0.00076
1.940	0.02563
1.942	-0.01328
1.944	-0.02213
1.946	0.03983
1.948	0.01526
1.950	-0.00565
1.952	0.01770
1.954	0.04669
1.956	-0.00198
1.958	0.00748
1.960	0.03433
1.962	0.00473
1.964	-0.02182
1.966	0.02106
1.968	-0.00565
1.970	-0.03632
1.972	-0.01587
1.974	-0.00473
1.976	-0.04562
1.978	-0.01404
1.980	0.02213
1.982	0.00412
1.984	-0.00153
1.986	0.05341
1.988	0.02808
1.990	-0.00610
1.992	0.02914
1.994	0.02838
1.996	-0.01694
1.998	0.01312
2.000	0.04013
2.002	0.00702
2.004	0.01465
2.006	0.06531
2.008	0.03693
2.010	-0.00763
2.012	0.01572
2.014	0.01648
2.016	-0.01968
2.018	0.00336
2.020	0.03555
2.022	-0.00610
2.024	-0.04944
2.026	-0.01511
2.028	-0.01465
2.030	-0.03845
2.032	-0.02960
2.034	-0.03235
2.036	-0.06897
2.038	-0.04364
2.040	-0.00702
2.042	-0.02914
2.044	-0.03876
2.046	0.00412
2.048	-0.02762
2.050	-0.06195
2.052	-0.03754
2.054	-0.04379
2.056	-0.07996
2.058	-0.05173
2.060	-0.01007
2.062	-0.04074
2.064	-0.04181
2.066	0.01358
2.068	-0.00656
2.070	-0.03784
2.072	0.01038
2.074	0.00961
2.076	-0.03021
2.078	-0.00748
2.080	0.03036
2.082	0.00549
2.084	0.00046
2.086	0.03128
2.088	-0.00259
2.090	-0.03525
2.092	0.00183
2.094	0.00977
2.096	-0.02396
2.098	-0.01678
2.100	0.01831
2.102	-0.01205
2.104	-0.01129
2.106	0.02930
2.108	0.01556
2.110	-0.03601
2.112	-0.00427
2.114	0.00229
2.116	-0.02029
2.118	-0.01221
2.120	0.02167
2.122	0.01312
2.124	0.02747
2.126	0.05127
2.128	0.01602
2.130	-0.01343
2.132	0.04120
2.134	0.03326
2.136	-0.01602
2.138	-0.00290
2.140	0.04578
2.142	0.00961
2.144	0.00351
2.146	0.03876
2.148	0.01770
2.150	-0.02411
2.152	0.00946
2.154	0.00519
2.156	-0.02472
2.158	-0.00092
2.160	0.04211
2.162	-0.00305
2.164	0.00458
2.166	0.04211
2.168	0.01816
2.170	-0.02197
2.172	0.01633
2.174	0.02365
2.176	-0.00015
2.178	0.02518
2.180	0.06332
2.182	0.01266
2.184	0.00366
2.186	0.04532
2.188	0.02930
2.190	-0.00122
2.192	0.02914
2.194	0.01099
2.196	-0.02380
2.198	0.00305
2.200	0.04623
2.202	0.01160
2.204	0.01282
2.206	0.03586
2.208	0.04562
2.210	0.00580
2.212	0.01953
2.214	0.01190
2.216	-0.01678
2.218	0.01190
2.220	0.05142
2.222	-0.00504
2.224	-0.00473
2.226	0.02716
2.228	0.00153
2.230	-0.01984
2.232	0.01404
2.234	0.00214
2.236	-0.01022
2.238	0.01480
2.240	0.05386
2.242	0.01099
2.244	0.02090
2.246	0.04044
2.248	0.01251
2.250	-0.02167
2.252	0.01541
2.254	-0.00778
2.256	-0.03433
2.258	0.00778
2.260	0.05814
2.262	0.01205
2.264	0.02380
2.266	0.04852
2.268	0.01724
2.270	-0.01556
2.272	0.03830
2.274	0.01770
2.276	-0.02411
2.278	-0.01022
2.280	0.02457
2.282	-0.01968
2.284	-0.01251
2.286	0.02792
2.288	-0.00763
2.290	-0.06470
2.292	-0.02228
2.294	-0.02228
2.296	-0.03723
2.298	-0.02045
2.300	0.01053
2.302	-0.05035
2.304	-0.03601
2.306	0.00336
2.308	-0.02167
2.310	-0.05386
2.312	-0.01022
2.314	-0.03235
2.316	-0.04196
2.318	-0.01617
2.320	0.02426
2.322	-0.02686
2.324	-0.00717
2.326	0.02426
2.328	0.00183
2.330	-0.03662
2.332	0.00458
2.334	-0.01083
2.336	-0.01984
2.338	-0.00381
2.340	0.02823
2.342	-0.01556
2.344	-0.00519
2.346	0.03922
2.348	0.01511
2.350	-0.04227
2.352	0.00626
2.354	-0.02182
2.356	-0.03387
2.358	-0.01526
2.360	0.01816
2.362	-0.01846
2.364	-0.00275
2.366	0.01144
2.368	-0.01724
2.370	-0.04822
2.372	0.01740
2.374	0.00107
2.376	-0.00153
2.378	0.02213
2.380	0.05112
2.382	-0.00488
2.384	0.01602
2.386	0.03860
2.388	0.02289
2.390	-0.00412
2.392	0.05249
2.394	0.01968
2.396	-0.03082
2.398	-0.03052
2.400	0.03601
2.402	-0.00580
2.404	0.01648
2.406	0.03677
2.408	0.01617
2.410	-0.01953
2.412	0.02304
2.414	-0.00504
2.416	-0.00595
2.418	0.01526
2.420	0.04868
2.422	-0.00275
2.424	0.01968
2.426	0.04440
2.428	0.02670
2.430	-0.00122
2.432	0.04639
2.434	0.02838
2.436	0.01495
2.438	0.03525
2.440	0.07523
2.442	0.02838
2.444	0.04288
2.446	0.06577
2.448	0.03891
2.450	-0.00061
2.452	0.04272
2.454	0.01556
2.456	-0.00259
2.458	0.02289
2.460	0.06256
2.462	0.01251
2.464	0.02823
2.466	0.03815
2.468	0.01450
2.470	-0.00427
2.472	0.04700
2.474	0.01633
2.476	-0.00946
2.478	0.02213
2.480	0.05432
2.482	-0.00275
2.484	0.02396
2.486	0.04059
2.488	0.00946
2.490	-0.02045
2.492	0.03479
2.494	0.00381
2.496	0.00290
2.498	0.00671
2.500	0.04166
2.502	0.01038
2.504	0.05157
2.506	0.06882
2.508	0.04532
2.510	0.02457
2.512	0.05371
2.514	0.01373
2.516	0.01572
2.518	0.03922
2.520	0.06363
2.522	-0.00015
2.524	0.02762
2.526	0.05005
2.528	0.00854
2.530	-0.01221
2.532	0.04562
2.534	0.02289
2.536	0.01785
2.538	0.03540
2.540	0.04913
2.542	0.00366
2.544	0.03311
2.546	0.02747
2.548	-0.00717
2.550	-0.03937
2.552	0.02121
2.554	-0.00015
2.556	-0.01999
2.558	0.02304
2.560	0.07141
2.562	0.01617
2.564	0.04150
2.566	0.03906
2.568	-0.00183
2.570	-0.03006
2.572	0.04211
2.574	0.02563
2.576	0.01694
2.578	0.02548
2.580	0.05264
2.582	-0.01190
2.584	0.03326
2.586	0.06363
2.588	0.02090
2.590	-0.03082
2.592	0.00443
2.594	-0.03952
2.596	-0.03860
2.598	-0.02274
2.600	0.00458
2.602	-0.02365
2.604	0.01343
2.606	0.01602
2.608	-0.01022
2.610	-0.03311
2.612	0.02213
2.614	-0.01221
2.616	-0.02533
2.618	0.00702
2.620	0.03616
2.622	0.00580
2.624	0.03738
2.626	0.03647
2.628	0.00168
2.630	-0.00916
2.632	0.03326
2.634	-0.00534
2.636	-0.02274
2.638	0.00931
2.640	0.03693
2.642	-0.02350
2.644	0.00793
2.646	0.03525
2.648	-0.00870
2.650	-0.03876
2.652	0.00565
2.654	-0.01831
2.656	-0.00961
2.658	0.01114
2.660	0.02640
2.662	-0.03586
2.664	-0.01175
2.666	-0.00580
2.668	-0.04440
2.670	-0.06088
2.672	-0.00961
2.674	-0.07050
2.676	-0.09232
2.678	-0.05615
2.680	-0.03220
2.682	-0.09628
2.684	-0.05463
2.686	-0.04944
2.688	-0.06851
2.690	-0.05692
2.692	-0.00732
2.694	-0.04730
2.696	-0.06592
2.698	-0.02441
2.700	-0.00443
2.702	-0.06454
2.704	-0.02792
2.706	-0.01465
2.708	-0.06088
2.710	-0.06866
2.712	0.00320
2.714	-0.05234
2.716	-0.03387
2.718	0.01755
2.720	0.03677
2.722	-0.02762
2.724	0.01022
2.726	0.00534
2.728	-0.04364
2.730	-0.06638
2.732	0.00137
2.734	-0.04166
2.736	-0.05951
2.738	-0.02304
2.740	0.01175
2.742	-0.02747
2.744	0.00320
2.746	0.00320
2.748	-0.03174
2.750	-0.03082
2.752	0.00031
2.754	-0.04425
2.756	-0.03433
2.758	-0.02167
2.760	-0.02151
2.762	-0.08194
2.764	-0.04089
2.766	-0.04791
2.768	-0.08530
2.770	-0.07858
2.772	-0.03036
2.774	-0.07126
2.776	-0.05646
2.778	-0.00549
2.780	-0.00656
2.782	-0.05280
2.784	-0.00885
2.786	0.00168
2.788	-0.04379
2.790	-0.04761
2.792	-0.00443
2.794	-0.07126
2.796	-0.06302
2.798	0.00168
2.800	0.00961
2.802	-0.04974
2.804	-0.01617
2.806	0.01862
2.808	-0.03403
2.810	-0.06149
2.812	-0.02213
2.814	-0.05356
2.816	-0.05890
2.818	-0.01785
2.820	-0.00702
2.822	-0.05875
2.824	0.00214
2.826	-0.00122
2.828	-0.04578
2.830	-0.01648
2.832	0.01999
2.834	-0.03128
2.836	-0.00793
2.838	0.03311
2.840	0.01770
2.842	-0.03479
2.844	0.00870
2.846	0.02228
2.848	-0.02197
2.850	-0.03433
2.852	0.01709
2.854	-0.01740
2.856	-0.02960
2.858	0.01984
2.860	0.02869
2.862	-0.00366
2.864	0.02289
2.866	0.03494
2.868	-0.01740
2.870	-0.01434
2.872	0.02518
2.874	0.00183
2.876	-0.00107
2.878	0.04211
2.880	0.02594
2.882	0.00473
2.884	0.04349
2.886	0.04578
2.888	-0.02014
2.890	-0.01602
2.892	0.04913
2.894	-0.00351
2.896	-0.00961
2.898	0.02853
2.900	0.05066
2.902	-0.00153
2.904	0.05142
2.906	0.05661
2.908	-0.00748
2.910	-0.02167
2.912	0.04440
2.914	-0.00839
2.916	-0.01297
2.918	0.00839
2.920	-0.00519
2.922	-0.04135
2.924	0.02350
2.926	0.01770
2.928	-0.04929
2.930	-0.02380
2.932	0.01068
2.934	-0.04166
2.936	-0.02792
2.938	0.02274
2.940	0.02548
2.942	-0.00793
2.944	0.03250
2.946	0.04211
2.948	-0.00931
2.950	0.00092
2.952	0.02792
2.954	-0.02090
2.956	-0.01099
2.958	0.04837
2.960	0.05081
2.962	-0.00366
2.964	0.03265
2.966	0.03662
2.968	-0.01892
2.970	-0.01251
2.972	0.03967
2.974	-0.01312
2.976	-0.02350
2.978	0.02258
2.980	0.01801
2.982	-0.01114
2.984	0.03830
2.986	0.04791
2.988	0.00198
2.990	0.00366
2.992	0.03662
2.994	-0.01480
2.996	-0.01328
2.998	0.02502
3.000	0.03021
3.002	0.01266
3.004	0.04532
3.006	0.02441
3.008	-0.02808
3.010	-0.01083
3.012	0.03143
3.014	-0.02182
3.016	-0.01724
3.018	0.02609
3.020	0.01755
3.022	-0.01053
3.024	0.05219
3.026	0.03464
3.028	-0.04410
3.030	-0.01358
3.032	0.04761
3.034	-0.00534
3.036	-0.04303
3.038	0.01328
3.040	0.02670
3.042	-0.01022
3.044	0.02060
3.046	0.00259
3.048	-0.03403
3.050	0.00443
3.052	0.04578
3.054	-0.00458
3.056	-0.00473
3.058	0.03281
3.060	0.03067
3.062	-0.00519
3.064	0.04227
3.066	0.05676
3.068	0.00061
3.070	0.01801
3.072	0.05661
3.074	0.00137
3.076	0.00168
3.078	0.05142
3.080	0.05417
3.082	0.00092
3.084	0.04990
3.086	0.04196
3.088	-0.00015
3.090	-0.00473
3.092	0.02609
3.094	-0.02625
3.096	-0.01114
3.098	0.05051
3.100	0.04898
3.102	-0.01389
3.104	0.02655
3.106	0.04456
3.108	0.00107
3.110	0.00748
3.112	0.04532
3.114	0.00351
3.116	-0.01205
3.118	0.01938
3.120	-0.00534
3.122	-0.04303
3.124	0.01007
3.126	0.01617
3.128	-0.04120
3.130	-0.02243
3.132	0.01968
3.134	-0.04974
3.136	-0.03738
3.138	0.00366
3.140	0.01266
3.142	-0.01450
3.144	0.04166
3.146	0.03998
3.148	-0.02365
3.150	-0.00137
3.152	0.04807
3.154	0.00580
3.156	-0.01053
3.158	0.01419
3.160	-0.00076
3.162	-0.02533
3.164	0.02914
3.166	0.02014
3.168	-0.04730
3.170	-0.02930
3.172	-0.00107
3.174	-0.03525
3.176	-0.03494
3.178	0.02747
3.180	0.01556
3.182	-0.02945
3.184	0.01068
3.186	0.00336
3.188	-0.05539
3.190	-0.03036
3.192	0.00595
3.194	-0.05402
3.196	-0.06256
3.198	-0.01740
3.200	-0.02380
3.202	-0.03983
3.204	0.02258
3.206	0.02090
3.208	-0.03296
3.210	-0.01114
3.212	0.01678
3.214	-0.03784
3.216	-0.02655
3.218	0.03677
3.220	0.01877
3.222	-0.02380
3.224	0.03265
3.226	0.02869
3.228	-0.03433
3.230	-0.02609
3.232	-0.01312
3.234	-0.05737
3.236	-0.04822
3.238	0.00381
3.240	-0.01923
3.242	-0.04181
3.244	0.02136
3.246	0.03403
3.248	-0.00809
3.250	0.01419
3.252	0.04944
3.254	-0.00977
3.256	-0.00961
3.258	0.04822
3.260	0.03998
3.262	0.00900
3.264	0.06104
3.266	0.05661
3.268	-0.00931
3.270	0.00793
3.272	0.06119
3.274	0.01175
3.276	0.00473
3.278	0.06073
3.280	0.03448
3.282	-0.01358
3.284	0.04440
3.286	0.05966
3.288	0.01083
3.290	0.01236
3.292	0.04349
3.294	-0.01114
3.296	-0.00656
3.298	0.03494
3.300	0.02365
3.302	-0.01434
3.304	0.02518
3.306	0.02930
3.308	-0.02380
3.310	0.01801
3.312	0.05035
3.314	-0.03632
3.316	-0.05630
3.318	0.00809
3.320	0.00427
3.322	-0.01343
3.324	0.01190
3.326	0.02014
3.328	-0.02655
3.330	-0.00122
3.332	0.03281
3.334	-0.02121
3.336	-0.02930
3.338	0.01770
3.340	0.01083
3.342	-0.02884
3.344	0.02258
3.346	0.02625
3.348	-0.02487
3.350	-0.00702
3.352	0.00381
3.354	-0.05997
3.356	-0.04471
3.358	0.02075
3.360	0.02686
3.362	-0.00504
3.364	0.04333
3.366	0.04135
3.368	-0.01801
3.370	0.01953
3.372	0.05203
3.374	0.01022
3.376	-0.00061
3.378	0.05524
3.380	0.04288
3.382	-0.00641
3.384	0.04272
3.386	0.04288
3.388	-0.02121
3.390	0.00900
3.392	0.04654
3.394	0.01663
3.396	0.01862
3.398	0.04761
3.400	0.02991
3.402	0.01556
3.404	0.07767
3.406	0.08347
3.408	0.02457
3.410	0.04593
3.412	0.07141
3.414	0.01144
3.416	0.00732
3.418	0.03448
3.420	0.00412
3.422	0.00580
3.424	0.07263
3.426	0.07233
3.428	0.00015
3.430	0.03464
3.432	0.07523
3.434	0.02884
3.436	0.03433
3.438	0.08591
3.440	0.05127
3.442	0.00412
3.444	0.06866
3.446	0.07248
3.448	0.00839
3.450	0.01495
3.452	0.03860
3.454	-0.02701
3.456	-0.02823
3.458	0.03571
3.460	0.02029
3.462	-0.00122
3.464	0.04333
3.466	0.04105
3.468	-0.02701
3.470	-0.00488
3.472	0.02945
3.474	-0.03021
3.476	-0.03403
3.478	0.03021
3.480	-0.00259
3.482	-0.04272
3.484	0.01801
3.486	0.03387
3.488	-0.02075
3.490	0.01221
3.492	0.03250
3.494	-0.03708
3.496	-0.04364
3.498	0.02213
3.500	0.00671
3.502	-0.02106
3.504	0.02625
3.506	0.04242
3.508	-0.02136
3.510	0.02319
3.512	0.02411
3.514	-0.03922
3.516	-0.02930
3.518	0.02441
3.520	0.00061
3.522	-0.04105
3.524	0.00153
3.526	0.00504
3.528	-0.04883
3.530	-0.02777
3.532	0.00473
3.534	-0.04578
3.536	-0.03738
3.538	0.01007
3.540	-0.02472
3.542	-0.05112
3.544	-0.00290
3.546	0.01083
3.548	-0.04761
3.550	-0.02533
3.552	-0.00305
3.554	-0.04868
3.556	-0.04471
3.558	0.01144
3.560	-0.00549
3.562	-0.02716
3.564	0.02426
3.566	0.03540
3.568	-0.01953
3.570	-0.00229
3.572	0.01373
3.574	-0.03586
3.576	-0.02869
3.578	0.03113
3.580	0.02228
3.582	-0.01816
3.584	0.02228
3.586	0.03845
3.588	-0.01068
3.590	0.02640
3.592	0.06241
3.594	0.01236
3.596	0.00153
3.598	0.04959
3.600	0.02182
3.602	-0.01053
3.604	0.01373
3.606	0.03235
3.608	0.00488
3.610	0.02182
3.612	0.04578
3.614	-0.01587
3.616	-0.02686
3.618	0.01984
3.620	0.01160
3.622	-0.00381
3.624	0.04562
3.626	0.03830
3.628	-0.02838
3.630	0.00824
3.632	0.03662
3.634	-0.01053
3.636	-0.00427
3.638	0.04913
3.640	0.03738
3.642	0.00793
3.644	0.04501
3.646	0.03464
3.648	-0.02365
3.650	0.00580
3.652	0.02533
3.654	-0.02090
3.656	-0.02823
3.658	0.01724
3.660	-0.00366
3.662	-0.01907
3.664	0.03128
3.666	0.03433
3.668	-0.03067
3.670	-0.00031
3.672	0.04211
3.674	0.00916
3.676	-0.00290
3.678	0.02914
3.680	-0.01175
3.682	-0.03296
3.684	0.02716
3.686	0.03952
3.688	-0.00870
3.690	0.00793
3.692	0.01633
3.694	-0.04471
3.696	-0.02777
3.698	0.00610
3.700	-0.00046
3.702	-0.00992
3.704	0.01892
3.706	0.02136
3.708	-0.03021
3.710	-0.00641
3.712	0.02136
3.714	-0.02258
3.716	-0.01465
3.718	0.03204
3.720	0.00153
3.722	-0.02792
3.724	0.00519
3.726	0.02762
3.728	-0.01770
3.730	0.01953
3.732	0.03708
3.734	-0.03311
3.736	-0.05371
3.738	-0.01266
3.740	-0.02808
3.742	-0.04166
3.744	0.00488
3.746	-0.00076
3.748	-0.06470
3.750	-0.03677
3.752	-0.01984
3.754	-0.05905
3.756	-0.05447
3.758	-0.00778
3.760	-0.02945
3.762	-0.04425
3.764	0.00854
3.766	0.02228
3.768	-0.02502
3.770	0.01526
3.772	0.03693
3.774	-0.00580
3.776	-0.00549
3.778	0.03815
3.780	0.01556
3.782	0.00076
3.784	0.04715
3.786	0.05341
3.788	-0.01694
3.790	0.00916
3.792	0.02457
3.794	-0.01053
3.796	-0.00320
3.798	0.04059
3.800	0.00320
3.802	-0.02060
3.804	0.01221
3.806	0.02075
3.808	-0.03357
3.810	0.00717
3.812	0.01541
3.814	-0.03769
3.816	-0.03067
3.818	0.00458
3.820	-0.02838
3.822	-0.03235
3.824	0.00885
3.826	0.00824
3.828	-0.05203
3.830	-0.03250
3.832	-0.00244
3.834	-0.04166
3.836	-0.04944
3.838	-0.00641
3.840	-0.03296
3.842	-0.05280
3.844	0.00336
3.846	0.00580
3.848	-0.05142
3.850	-0.02594
3.852	-0.00809
3.854	-0.05798
3.856	-0.04028
3.858	0.01877
3.860	-0.00519
3.862	-0.03510
3.864	0.00473
3.866	0.01389
3.868	-0.02808
3.870	0.00916
3.872	0.03418
3.874	-0.02075
3.876	-0.02365
3.878	0.02930
3.880	0.00015
3.882	-0.02441
3.884	0.01175
3.886	-0.00122
3.888	-0.02411
3.890	0.03540
3.892	0.06729
3.894	-0.00061
3.896	-0.02853
3.898	0.00977
3.900	0.00168
3.902	-0.00122
3.904	0.04471
3.906	0.02884
3.908	-0.03174
3.910	0.00168
3.912	0.02808
3.914	-0.02533
3.916	-0.01633
3.918	0.03754
3.920	0.01617
3.922	0.01160
3.924	0.06973
3.926	0.07034
3.928	0.02274
3.930	0.05493
3.932	0.07767
3.934	-0.00259
3.936	-0.01373
3.938	0.01114
3.940	-0.01587
3.942	-0.03250
3.944	0.00565
3.946	0.00153
3.948	-0.05203
3.950	-0.00839
3.952	0.01556
3.954	-0.01373
3.956	-0.00458
3.958	0.03998
3.960	0.01114
3.962	-0.00336
3.964	0.04745
3.966	0.03830
3.968	-0.00153
3.970	0.02823
3.972	0.03418
3.974	-0.01907
3.976	-0.01678
3.978	0.02670
3.980	-0.01434
3.982	-0.02792
3.984	0.02441
3.986	0.01144
3.988	-0.04501
3.990	-0.01770
3.992	0.01144
3.994	-0.03403
3.996	-0.03784
3.998	0.01419
4.000	0.00992
4.002	-0.01755
4.004	0.01633
4.006	0.01541
4.008	-0.00946
4.010	0.01846
4.012	0.03128
4.014	-0.02579
4.016	-0.02014
4.018	0.01831
4.020	-0.02014
4.022	-0.03555
4.024	0.03204
4.026	0.01495
4.028	-0.02472
4.030	-0.00275
4.032	0.00336
4.034	-0.05005
4.036	-0.02823
4.038	0.01526
4.040	-0.00397
4.042	-0.02930
4.044	0.02197
4.046	0.01831
4.048	-0.01358
4.050	0.01968
4.052	0.02594
4.054	-0.03983
4.056	-0.02686
4.058	0.01541
4.060	-0.00366
4.062	-0.01755
4.064	0.04013
4.066	0.02609
4.068	0.00000
4.070	0.03616
4.072	0.04944
4.074	-0.00763
4.076	0.00809
4.078	0.04883
4.080	0.02487
4.082	-0.00076
4.084	0.04120
4.086	0.01450
4.088	-0.00580
4.090	0.02548
4.092	0.04456
4.094	-0.01709
4.096	-0.00916
4.098	0.03250
4.100	0.01663
