0.03342
0.04257
0.00412
0.02640
0.03082
-0.01236
-0.00397
0.04227
0.00031
-0.02533
0.00885
0.02274
0.00015
0.02731
0.03387
-0.01373
-0.00763
0.04257
-0.00168
-0.01404
0.03006
0.03540
-0.00641
0.03143
0.04044
-0.03632
-0.02625
0.01541
-0.02533
-0.02945
0.02365
0.04349
0.00839
0.05585
0.05920
-0.00275
0.00397
0.03448
-0.01297
-0.02304
0.02518
0.00092
-0.05035
0.00153
0.01282
-0.05295
-0.02747
0.01770
-0.03143
-0.03708
0.02243
0.02945
-0.02350
0.02274
0.02502
-0.03891
-0.03693
-0.00214
-0.04959
-0.05798
0.00259
0.00168
-0.05539
-0.00473
0.00580
-0.03586
-0.01389
0.02808
-0.02197
-0.02472
0.02899
0.01541
-0.02701
0.03967
0.04578
-0.03571
-0.02579
0.00671
-0.04913
-0.05600
0.00259
0.00565
-0.04471
-0.00778
0.00031
-0.04639
-0.02365
0.00397
-0.06058
-0.04822
0.01129
-0.00977
-0.07462
-0.02991
0.00153
-0.05356
-0.03616
0.00763
-0.05447
-0.06210
-0.00107
-0.02289
-0.07385
-0.02838
-0.00671
-0.06287
-0.04791
-0.01114
-0.05966
-0.07217
-0.01892
-0.01556
-0.03891
0.02609
0.02777
-0.03540
-0.01862
0.03433
-0.01373
-0.01862
0.02808
0.01938
-0.01053
0.04898
0.04959
-0.02838
-0.00748
0.02655
-0.03036
-0.04089
0.02838
0.03174
-0.00961
0.01358
0.02716
-0.00580
0.01602
0.04578
-0.01602
-0.00351
0.04013
0.01465
-0.02060
0.04929
0.05692
-0.00153
0.00381
0.03159
-0.02167
-0.02350
0.02960
0.01404
-0.01373
0.04196
0.05356
-0.00443
0.02563
0.05600
0.00549
-0.00122
0.04211
0.03433
0.00488
0.04532
0.03159
-0.03281
-0.01968
-0.00565
-0.04181
-0.02991
0.02167
-0.00015
-0.03769
0.00076
0.01495
-0.00992
0.00824
0.01663
-0.05020
-0.02808
0.01495
0.00000
-0.02930
0.03067
0.02686
-0.00870
0.03006
0.05005
-0.02762
-0.01404
0.05402
0.03616
-0.00702
0.05219
0.04761
-0.01419
0.01297
0.03021
-0.02396
0.00824
0.06516
0.03174
0.00336
0.05951
0.07431
0.00992
0.02563
0.05020
0.00351
0.00946
0.06851
0.04944
0.01251
0.05951
0.06958
0.00732
0.03357
0.05081
-0.01389
-0.01770
0.06271
0.03433
-0.01007
0.03281
0.02045
-0.04517
-0.03586
-0.00687
-0.05280
-0.06470
-0.04196
-0.06882
-0.09262
-0.03647
-0.01816
-0.07111
-0.03876
-0.01389
-0.06302
-0.05798
0.00580
-0.00381
-0.03128
0.00702
0.01480
-0.03372
0.00000
0.02197
-0.02960
-0.02930
0.03067
0.02716
-0.00580
0.04715
0.04807
0.00015
0.02975
0.05402
-0.00671
-0.01343
0.03891
0.00977
-0.01724
0.03387
0.04135
-0.01236
0.02899
0.05676
0.00076
-0.00778
0.03922
0.03067
0.01083
0.01556
0.01846
-0.01785
0.01389
0.04303
-0.02487
-0.01907
0.02991
0.02533
-0.00473
0.03510
0.03418
-0.02472
0.00214
0.02426
-0.02319
-0.03983
0.00412
-0.01160
-0.02014
0.03372
0.03143
-0.03174
-0.00168
0.03052
-0.01373
-0.02396
0.03433
0.00122
-0.02304
0.03235
0.03464
-0.02075
0.00488
0.03677
-0.00336
-0.01877
0.03067
0.03433
0.01938
0.03143
0.03021
-0.02350
0.01755
0.04944
-0.00732
-0.01801
0.03098
0.00916
-0.02579
0.02090
0.02716
-0.02716
0.00198
0.01282
-0.04730
-0.04501
0.01053
-0.01129
-0.03281
0.00488
0.00275
-0.03159
-0.00015
-0.00595
-0.05585
-0.04730
0.00946
-0.00092
-0.02335
0.02365
0.03479
-0.01831
-0.00046
0.02304
-0.03387
-0.02579
0.02151
0.01129
-0.02258
0.02502
0.02548
-0.01373
0.02747
0.04639
0.01511
0.00595
0.02548
0.03967
0.00702
0.01770
0.01099
-0.05478
-0.03342
-0.01190
-0.06866
-0.08133
-0.04105
-0.05936
-0.08743
-0.02899
-0.00092
-0.03143
0.01022
0.03052
-0.01755
-0.02335
0.02853
0.01984
-0.00488
0.02518
0.01328
-0.03601
0.00107
0.01953
-0.02136
-0.01862
0.04562
-0.00046
-0.01541
0.03082
0.02502
-0.02838
0.00015
0.02594
-0.01877
0.01190
0.06729
0.02792
-0.00275
0.05005
0.06042
0.01648
0.04700
0.04227
-0.02457
-0.02731
0.00717
-0.03540
-0.06073
0.01465
0.02441
-0.03769
-0.00473
0.03967
-0.01129
-0.00900
0.02899
0.00702
-0.01862
0.01602
0.01083
-0.04364
-0.00565
0.01373
-0.03677
-0.04440
-0.00031
0.01038
0.02869
0.08621
0.08255
0.02029
0.03983
0.06668
0.01297
0.01343
0.04562
-0.00214
-0.03983
0.00595
0.00778
-0.02762
0.00656
0.04440
0.00778
0.01312
0.05447
0.02228
-0.01419
0.04395
0.03738
-0.02319
-0.01678
-0.01678
-0.06027
-0.02075
0.01129
-0.01877
-0.03708
0.01266
0.02136
-0.00717
0.02914
0.03311
-0.02335
-0.02731
0.00320
-0.02808
-0.05020
-0.00244
-0.01953
-0.06699
-0.03876
0.00427
-0.02502
-0.03510
-0.01083
-0.02655
-0.04028
0.01190
-0.00397
-0.05508
-0.04532
-0.02197
-0.06378
-0.05463
-0.00748
-0.03464
-0.04242
0.01785
0.01740
-0.00885
0.02258
0.03464
-0.03387
-0.02609
0.00793
-0.02258
-0.05066
0.00412
-0.00427
-0.03204
-0.00381
0.01236
-0.04654
-0.02289
0.01678
-0.01480
-0.04410
-0.00824
0.00412
-0.03891
-0.03021
-0.01862
-0.06012
-0.05386
-0.02426
-0.03815
-0.05219
0.02365
0.02274
-0.01068
0.01236
0.03906
0.00809
0.02548
0.03830
0.01419
0.00961
0.05432
0.04288
0.00656
0.03632
0.05768
0.00061
0.01617
0.03708
0.01465
0.00076
0.03586
0.03036
-0.00565
0.01022
0.02182
-0.04013
-0.01511
0.00854
-0.02029
-0.02914
0.02869
0.01251
-0.01144
-0.01541
0.00427
-0.04837
-0.01419
0.02457
0.00885
-0.01053
0.04684
0.03510
-0.01144
0.01129
0.02945
-0.03525
-0.04074
-0.02563
-0.04730
-0.06134
0.01068
0.01144
-0.00305
0.00870
0.01709
-0.04959
-0.01923
0.02396
0.00519
-0.03250
0.01450
0.00046
-0.02182
0.01114
0.01740
-0.03586
0.00809
0.03708
0.02060
-0.00168
0.05325
0.03845
0.02289
0.03784
0.04120
-0.00122
0.03052
0.02441
0.01160
-0.00488
0.04715
0.01587
-0.01083
0.02136
0.03922
-0.01495
0.00656
0.03494
0.00824
-0.01770
0.05020
0.04959
0.02090
0.04852
0.06897
-0.00580
0.01175
0.03723
0.05005
0.03235
0.07507
0.05051
0.02670
0.05341
0.07339
0.00473
0.01617
0.04318
0.01007
-0.01801
0.06149
0.04669
0.01251
0.03571
0.05707
-0.00809
0.00366
0.02319
0.01160
0.00275
0.05737
0.05112
0.03067
0.04791
0.04379
-0.01038
0.02151
0.04791
0.03326
0.01221
0.06073
0.02548
-0.01526
0.01602
0.04669
-0.01633
0.01587
0.03311
0.00031
-0.02701
0.02319
0.00107
-0.02136
0.01251
0.03647
-0.03571
0.00656
0.02304
0.00488
-0.00031
0.08011
0.06683
0.02182
0.03189
0.04684
-0.01480
0.00000
0.01907
0.00168
-0.02670
0.02136
-0.00336
-0.03586
0.00076
0.01740
-0.05035
-0.03296
-0.00153
-0.01450
-0.02441
0.02960
0.00854
-0.02502
0.00122
0.03387
-0.00885
0.00839
-0.00641
-0.02884
-0.03784
0.02274
-0.00534
-0.03311
-0.00610
0.01404
-0.05966
-0.04135
-0.01022
-0.01297
-0.03220
0.01984
-0.00626
-0.02701
-0.01404
-0.00076
-0.06607
-0.04105
-0.01923
-0.04105
-0.05341
0.01541
-0.01495
-0.04410
-0.01785
0.00839
-0.04990
-0.02411
-0.01526
-0.03876
-0.04013
0.02457
-0.00031
-0.03998
-0.01984
0.01389
-0.03891
-0.02075
0.01938
0.01099
-0.01083
0.03860
0.02823
-0.00427
0.01602
0.04425
-0.00153
0.01877
0.04517
0.02274
-0.00824
0.03876
0.02319
0.01373
0.04959
0.07751
0.01587
0.03143
0.03616
0.03754
0.02808
0.08728
0.05127
0.02350
0.03784
0.03494
-0.02243
0.00610
0.01724
-0.01251
-0.02487
0.02151
-0.00656
-0.02914
-0.01877
0.00641
-0.04318
-0.02991
-0.02441
-0.03906
-0.03799
0.04410
0.00305
-0.02502
0.00320
0.03906
-0.00839
-0.00244
-0.00015
-0.01282
-0.03738
0.02304
0.01007
-0.00839
0.00092
0.00305
-0.04517
0.00458
0.03189
0.01556
0.01434
0.06760
0.03479
0.02014
0.03860
0.06104
0.00061
0.01373
0.02930
0.00900
-0.01190
0.04929
0.01007
-0.02090
-0.00687
0.01114
-0.04837
-0.01968
0.01892
0.01190
-0.01480
0.01907
-0.00290
-0.00870
0.01434
0.01831
-0.02899
0.01266
0.00809
-0.03845
-0.05478
0.00519
-0.00946
-0.01724
-0.01541
-0.01801
-0.07690
-0.04364
-0.01099
-0.02533
-0.04013
0.00168
-0.03433
-0.06439
-0.03540
-0.00626
-0.05478
-0.02991
0.00046
-0.01221
-0.02167
0.03967
0.01587
-0.01678
0.00504
0.02014
-0.04684
-0.03235
-0.00854
-0.01465
-0.02792
0.02335
0.00046
-0.04562
-0.05524
-0.04333
-0.07919
-0.04822
-0.01526
-0.03265
-0.05554
-0.01999
-0.03357
-0.03021
-0.02640
-0.01068
-0.05936
-0.02686
0.00702
0.00305
0.00137
0.05417
0.02640
-0.01892
0.01740
0.05661
0.00931
0.03586
0.03952
0.00534
-0.02167
0.04730
0.04135
0.01968
0.02487
0.02960
-0.02838
-0.00031
0.03128
0.02243
-0.00824
0.03311
0.00793
-0.01755
0.01068
0.02319
-0.00961
0.01648
0.03555
0.02701
0.00443
0.05371
0.02319
-0.01999
-0.00961
0.01190
-0.03998
-0.04364
-0.02121
-0.00488
-0.01450
0.02319
0.00366
-0.01511
0.01617
0.03052
-0.00626
0.02213
0.03189
0.02365
0.01236
0.03586
-0.00259
-0.01343
0.00961
0.02014
-0.01724
0.00519
0.04837
0.03342
0.01907
0.06180
0.03326
-0.00336
0.02197
0.03403
-0.01266
0.00992
0.02808
-0.01358
-0.03555
0.02075
0.01617
0.00259
0.01709
0.02365
-0.03372
-0.01266
0.04807
0.03067
0.00931
0.04288
0.01465
-0.02914
-0.01984
-0.00275
-0.02396
0.00076
0.02563
-0.01328
-0.02213
0.03983
0.01526
-0.00565
0.01770
0.04669
-0.00198
0.00748
0.03433
0.00473
-0.02182
0.02106
-0.00565
-0.03632
-0.01587
-0.00473
-0.04562
-0.01404
0.02213
0.00412
-0.00153
0.05341
0.02808
-0.00610
0.02914
0.02838
-0.01694
0.01312
0.04013
0.00702
0.01465
0.06531
0.03693
-0.00763
0.01572
0.01648
-0.01968
0.00336
0.03555
-0.00610
-0.04944
-0.01511
-0.01465
-0.03845
-0.02960
-0.03235
-0.06897
-0.04364
-0.00702
-0.02914
-0.03876
0.00412
-0.02762
-0.06195
-0.03754
-0.04379
-0.07996
-0.05173
-0.01007
-0.04074
-0.04181
0.01358
-0.00656
-0.03784
0.01038
0.00961
-0.03021
-0.00748
0.03036
0.00549
0.00046
0.03128
-0.00259
-0.03525
0.00183
0.00977
-0.02396
-0.01678
0.01831
-0.01205
-0.01129
0.02930
0.01556
-0.03601
-0.00427
0.00229
-0.02029
-0.01221
0.02167
0.01312
0.02747
0.05127
0.01602
-0.01343
0.04120
0.03326
-0.01602
-0.00290
0.04578
0.00961
0.00351
0.03876
0.01770
-0.02411
0.00946
0.00519
-0.02472
-0.00092
0.04211
-0.00305
0.00458
0.04211
0.01816
-0.02197
0.01633
0.02365
-0.00015
0.02518
0.06332
0.01266
0.00366
0.04532
0.02930
-0.00122
0.02914
0.01099
-0.02380
0.00305
0.04623
0.01160
0.01282
0.03586
0.04562
0.00580
0.01953
0.01190
-0.01678
0.01190
0.05142
-0.00504
-0.00473
0.02716
0.00153
-0.01984
0.01404
0.00214
-0.01022
0.01480
0.05386
0.01099
0.02090
0.04044
0.01251
-0.02167
0.01541
-0.00778
-0.03433
0.00778
0.05814
0.01205
0.02380
0.04852
0.01724
-0.01556
0.03830
0.01770
-0.02411
-0.01022
0.02457
-0.01968
-0.01251
0.02792
-0.00763
-0.06470
-0.02228
-0.02228
-0.03723
-0.02045
0.01053
-0.05035
-0.03601
0.00336
-0.02167
-0.05386
-0.01022
-0.03235
-0.04196
-0.01617
0.02426
-0.02686
-0.00717
0.02426
0.00183
-0.03662
0.00458
-0.01083
-0.01984
-0.00381
0.02823
-0.01556
-0.00519
0.03922
0.01511
-0.04227
0.00626
-0.02182
-0.03387
-0.01526
0.01816
-0.01846
-0.00275
0.01144
-0.01724
-0.04822
0.01740
0.00107
-0.00153
0.02213
0.05112
-0.00488
0.01602
0.03860
0.02289
-0.00412
0.05249
0.01968
-0.03082
-0.03052
0.03601
-0.00580
0.01648
0.03677
0.01617
-0.01953
0.02304
-0.00504
-0.00595
0.01526
0.04868
-0.00275
0.01968
0.04440
0.02670
-0.00122
0.04639
0.02838
0.01495
0.03525
0.07523
0.02838
0.04288
0.06577
0.03891
-0.00061
0.04272
0.01556
-0.00259
0.02289
0.06256
0.01251
0.02823
0.03815
0.01450
-0.00427
0.04700
0.01633
-0.00946
0.02213
0.05432
-0.00275
0.02396
0.04059
0.00946
-0.02045
0.03479
0.00381
0.00290
0.00671
0.04166
0.01038
0.05157
0.06882
0.04532
0.02457
0.05371
0.01373
0.01572
0.03922
0.06363
-0.00015
0.02762
0.05005
0.00854
-0.01221
0.04562
0.02289
0.01785
0.03540
0.04913
0.00366
0.03311
0.02747
-0.00717
-0.03937
0.02121
-0.00015
-0.01999
0.02304
0.07141
0.01617
0.04150
0.03906
-0.00183
-0.03006
0.04211
0.02563
0.01694
0.02548
0.05264
-0.01190
0.03326
0.06363
0.02090
-0.03082
0.00443
-0.03952
-0.03860
-0.02274
0.00458
-0.02365
0.01343
0.01602
-0.01022
-0.03311
0.02213
-0.01221
-0.02533
0.00702
0.03616
0.00580
0.03738
0.03647
0.00168
-0.00916
0.03326
-0.00534
-0.02274
0.00931
0.03693
-0.02350
0.00793
0.03525
-0.00870
-0.03876
0.00565
-0.01831
-0.00961
0.01114
0.02640
-0.03586
-0.01175
-0.00580
-0.04440
-0.06088
-0.00961
-0.07050
-0.09232
-0.05615
-0.03220
-0.09628
-0.05463
-0.04944
-0.06851
-0.05692
-0.00732
-0.04730
-0.06592
-0.02441
-0.00443
-0.06454
-0.02792
-0.01465
-0.06088
-0.06866
0.00320
-0.05234
-0.03387
0.01755
0.03677
-0.02762
0.01022
0.00534
-0.04364
-0.06638
0.00137
-0.04166
-0.05951
-0.02304
0.01175
-0.02747
0.00320
0.00320
-0.03174
-0.03082
0.00031
-0.04425
-0.03433
-0.02167
-0.02151
-0.08194
-0.04089
-0.04791
-0.08530
-0.07858
-0.03036
-0.07126
-0.05646
-0.00549
-0.00656
-0.05280
-0.00885
0.00168
-0.04379
-0.04761
-0.00443
-0.07126
-0.06302
0.00168
0.00961
-0.04974
-0.01617
0.01862
-0.03403
-0.06149
-0.02213
-0.05356
-0.05890
-0.01785
-0.00702
-0.05875
0.00214
-0.00122
-0.04578
-0.01648
0.01999
-0.03128
-0.00793
0.03311
0.01770
-0.03479
0.00870
0.02228
-0.02197
-0.03433
0.01709
-0.01740
-0.02960
0.01984
0.02869
-0.00366
0.02289
0.03494
-0.01740
-0.01434
0.02518
0.00183
-0.00107
0.04211
0.02594
0.00473
0.04349
0.04578
-0.02014
-0.01602
0.04913
-0.00351
-0.00961
0.02853
0.05066
-0.00153
0.05142
0.05661
-0.00748
-0.02167
0.04440
-0.00839
-0.01297
0.00839
-0.00519
-0.04135
0.02350
0.01770
-0.04929
-0.02380
0.01068
-0.04166
-0.02792
0.02274
0.02548
-0.00793
0.03250
0.04211
-0.00931
0.00092
0.02792
-0.02090
-0.01099
0.04837
0.05081
-0.00366
0.03265
0.03662
-0.01892
-0.01251
0.03967
-0.01312
-0.02350
0.02258
0.01801
-0.01114
0.03830
0.04791
0.00198
0.00366
0.03662
-0.01480
-0.01328
0.02502
0.03021
0.01266
0.04532
0.02441
-0.02808
-0.01083
0.03143
-0.02182
-0.01724
0.02609
0.01755
-0.01053
0.05219
0.03464
-0.04410
-0.01358
0.04761
-0.00534
-0.04303
0.01328
0.02670
-0.01022
0.02060
0.00259
-0.03403
0.00443
0.04578
-0.00458
-0.00473
0.03281
0.03067
-0.00519
0.04227
0.05676
0.00061
0.01801
0.05661
0.00137
0.00168
0.05142
0.05417
0.00092
0.04990
0.04196
-0.00015
-0.00473
0.02609
-0.02625
-0.01114
0.05051
0.04898
-0.01389
0.02655
0.04456
0.00107
0.00748
0.04532
0.00351
-0.01205
0.01938
-0.00534
-0.04303
0.01007
0.01617
-0.04120
-0.02243
0.01968
-0.04974
-0.03738
0.00366
0.01266
-0.01450
0.04166
0.03998
-0.02365
-0.00137
0.04807
0.00580
-0.01053
0.01419
-0.00076
-0.02533
0.02914
0.02014
-0.04730
-0.02930
-0.00107
-0.03525
-0.03494
0.02747
0.01556
-0.02945
0.01068
0.00336
-0.05539
-0.03036
0.00595
-0.05402
-0.06256
-0.01740
-0.02380
-0.03983
0.02258
0.02090
-0.03296
-0.01114
0.01678
-0.03784
-0.02655
0.03677
0.01877
-0.02380
0.03265
0.02869
-0.03433
-0.02609
-0.01312
-0.05737
-0.04822
0.00381
-0.01923
-0.04181
0.02136
0.03403
-0.00809
0.01419
0.04944
-0.00977
-0.00961
0.04822
0.03998
0.00900
0.06104
0.05661
-0.00931
0.00793
0.06119
0.01175
0.00473
0.06073
0.03448
-0.01358
0.04440
0.05966
0.01083
0.01236
0.04349
-0.01114
-0.00656
0.03494
0.02365
-0.01434
0.02518
0.02930
-0.02380
0.01801
0.05035
-0.03632
-0.05630
0.00809
0.00427
-0.01343
0.01190
0.02014
-0.02655
-0.00122
0.03281
-0.02121
-0.02930
0.01770
0.01083
-0.02884
0.02258
0.02625
-0.02487
-0.00702
0.00381
-0.05997
-0.04471
0.02075
0.02686
-0.00504
0.04333
0.04135
-0.01801
0.01953
0.05203
0.01022
-0.00061
0.05524
0.04288
-0.00641
0.04272
0.04288
-0.02121
0.00900
0.04654
0.01663
0.01862
0.04761
0.02991
0.01556
0.07767
0.08347
0.02457
0.04593
0.07141
0.01144
0.00732
0.03448
0.00412
0.00580
0.07263
0.07233
0.00015
0.03464
0.07523
0.02884
0.03433
0.08591
0.05127
0.00412
0.06866
0.07248
0.00839
0.01495
0.03860
-0.02701
-0.02823
0.03571
0.02029
-0.00122
0.04333
0.04105
-0.02701
-0.00488
0.02945
-0.03021
-0.03403
0.03021
-0.00259
-0.04272
0.01801
0.03387
-0.02075
0.01221
0.03250
-0.03708
-0.04364
0.02213
0.00671
-0.02106
0.02625
0.04242
-0.02136
0.02319
0.02411
-0.03922
-0.02930
0.02441
0.00061
-0.04105
0.00153
0.00504
-0.04883
-0.02777
0.00473
-0.04578
-0.03738
0.01007
-0.02472
-0.05112
-0.00290
0.01083
-0.04761
-0.02533
-0.00305
-0.04868
-0.04471
0.01144
-0.00549
-0.02716
0.02426
0.03540
-0.01953
-0.00229
0.01373
-0.03586
-0.02869
0.03113
0.02228
-0.01816
0.02228
0.03845
-0.01068
0.02640
0.06241
0.01236
0.00153
0.04959
0.02182
-0.01053
0.01373
0.03235
0.00488
0.02182
0.04578
-0.01587
-0.02686
0.01984
0.01160
-0.00381
0.04562
0.03830
-0.02838
0.00824
0.03662
-0.01053
-0.00427
0.04913
0.03738
0.00793
0.04501
0.03464
-0.02365
0.00580
0.02533
-0.02090
-0.02823
0.01724
-0.00366
-0.01907
0.03128
0.03433
-0.03067
-0.00031
0.04211
0.00916
-0.00290
0.02914
-0.01175
-0.03296
0.02716
0.03952
-0.00870
0.00793
0.01633
-0.04471
-0.02777
0.00610
-0.00046
-0.00992
0.01892
0.02136
-0.03021
-0.00641
0.02136
-0.02258
-0.01465
0.03204
0.00153
-0.02792
0.00519
0.02762
-0.01770
0.01953
0.03708
-0.03311
-0.05371
-0.01266
-0.02808
-0.04166
0.00488
-0.00076
-0.06470
-0.03677
-0.01984
-0.05905
-0.05447
-0.00778
-0.02945
-0.04425
0.00854
0.02228
-0.02502
0.01526
0.03693
-0.00580
-0.00549
0.03815
0.01556
0.00076
0.04715
0.05341
-0.01694
0.00916
0.02457
-0.01053
-0.00320
0.04059
0.00320
-0.02060
0.01221
0.02075
-0.03357
0.00717
0.01541
-0.03769
-0.03067
0.00458
-0.02838
-0.03235
0.00885
0.00824
-0.05203
-0.03250
-0.00244
-0.04166
-0.04944
-0.00641
-0.03296
-0.05280
0.00336
0.00580
-0.05142
-0.02594
-0.00809
-0.05798
-0.04028
0.01877
-0.00519
-0.03510
0.00473
0.01389
-0.02808
0.00916
0.03418
-0.02075
-0.02365
0.02930
0.00015
-0.02441
0.01175
-0.00122
-0.02411
0.03540
0.06729
-0.00061
-0.02853
0.00977
0.00168
-0.00122
0.04471
0.02884
-0.03174
0.00168
0.02808
-0.02533
-0.01633
0.03754
0.01617
0.01160
0.06973
0.07034
0.02274
0.05493
0.07767
-0.00259
-0.01373
0.01114
-0.01587
-0.03250
0.00565
0.00153
-0.05203
-0.00839
0.01556
-0.01373
-0.00458
0.03998
0.01114
-0.00336
0.04745
0.03830
-0.00153
0.02823
0.03418
-0.01907
-0.01678
0.02670
-0.01434
-0.02792
0.02441
0.01144
-0.04501
-0.01770
0.01144
-0.03403
-0.03784
0.01419
0.00992
-0.01755
0.01633
0.01541
-0.00946
0.01846
0.03128
-0.02579
-0.02014
0.01831
-0.02014
-0.03555
0.03204
0.01495
-0.02472
-0.00275
0.00336
-0.05005
-0.02823
0.01526
-0.00397
-0.02930
0.02197
0.01831
-0.01358
0.01968
0.02594
-0.03983
-0.02686
0.01541
-0.00366
-0.01755
0.04013
0.02609
0.00000
0.03616
0.04944
-0.00763
0.00809
0.04883
0.02487
-0.00076
0.04120
0.01450
-0.00580
0.02548
0.04456
-0.01709
