0.05844
-0.00046
-0.00732
0.03403
0.03159
-0.00641
0.06424
0.05981
-0.00015
0.00763
0.04349
-0.02228
-0.02045
0.02197
0.01648
-0.04303
-0.00122
-0.00763
-0.06195
-0.04547
-0.02411
-0.08041
-0.06454
-0.01419
-0.02335
-0.05692
-0.01038
-0.00565
-0.04486
-0.02701
0.01816
-0.03616
-0.03098
0.0032
-0.00092
-0.0325
0.02533
0.02838
-0.00717
0.00015
0.03876
-0.01709
-0.01572
0.01434
0.00839
-0.01999
0.0322
0.02243
-0.01434
0.0087
0.04517
-0.02335
-0.01175
0.03433
0.03632
0.01144
0.07294
0.065
0.00946
0.00916
0.04913
0.00565
0.01236
0.04013
0.02563
-0.01587
0.02213
0.01862
-0.03281
-0.0145
0.01419
-0.07263
-0.06256
-0.00534
0.00305
-0.03418
0.00702
0.00671
-0.03769
-0.02853
0.00458
-0.047
-0.04089
-0.00183
-0.00656
-0.04349
0.01373
0.00214
-0.03448
-0.01602
0.01221
-0.0528
-0.05386
-0.01633
-0.00854
-0.03815
0.01068
0.00977
-0.02106
-0.0177
0.01328
-0.02884
-0.01358
0.02151
0.00565
-0.0177
0.02884
0.02533
-0.01099
0.00992
0.05371
0.0061
0.0058
0.02151
0.01755
0.00214
0.05447
0.04471
-0.00534
-0.00122
0.02182
-0.02228
-0.03265
0.00305
-0.00137
-0.02579
0.01953
0.01038
-0.03418
-0.0238
0.01312
-0.04211
-0.03891
-0.01373
-0.02762
-0.05905
-0.00214
0.00015
-0.03387
-0.02975
-0.00931
-0.05997
-0.05295
-0.0293
-0.03418
-0.06012
-0.00748
-0.02075
-0.06348
-0.04791
-0.01297
-0.05295
-0.03403
-0.00061
0.0
-0.0238
0.01465
0.0087
-0.01862
-0.00534
0.01984
-0.03204
-0.02823
0.00717
0.00885
-0.01541
0.03555
0.03098
-0.00107
0.01602
0.04684
0.01266
0.03189
0.03677
0.03677
0.03555
0.08911
0.07919
0.04089
0.07034
0.09903
0.03983
0.03647
0.06256
0.05844
0.03372
0.07202
0.05646
0.01312
0.01877
0.04044
-0.01328
-0.01587
0.00244
-0.00946
-0.02136
0.03494
0.03448
0.00381
0.01007
0.02136
-0.03204
-0.02289
0.00168
-0.00122
-0.02213
0.01389
-0.00198
-0.02457
-0.00061
0.02426
-0.02518
-0.00565
0.02869
0.02747
0.00916
0.05157
0.04242
0.00961
0.02762
0.05234
-0.0029
0.01328
0.02808
0.00809
-0.00061
0.07278
0.04684
0.01022
0.01907
0.04837
0.00214
0.01495
0.03571
0.02975
0.00992
0.0592
0.05157
0.01282
0.02563
0.03769
-0.01465
-0.02151
-0.01526
-0.03632
-0.05325
-0.01236
-0.02563
-0.05417
-0.0322
-0.00183
-0.03265
-0.0116
0.01205
-0.00244
-0.03036
0.00626
0.00336
-0.04135
-0.02655
-0.0116
-0.0499
-0.0148
0.01801
0.01419
-0.01129
0.03357
0.02426
-0.01404
-0.01022
-0.01144
-0.07141
-0.05692
-0.02655
-0.06516
-0.07278
-0.01358
0.00381
-0.02686
-0.01663
-0.00641
-0.05951
-0.05585
-0.03372
-0.03922
-0.05096
-0.01175
-0.01709
-0.03616
-0.00732
0.01297
-0.01617
-0.00214
0.01816
0.00763
-0.01205
0.03067
0.02884
-0.00427
0.00778
0.03998
-0.00275
0.00473
0.01892
0.00504
-0.0058
0.04272
0.04578
0.0087
0.02319
0.03845
-0.00626
0.00565
0.02151
-0.00046
-0.02045
0.02472
0.02075
-0.01846
-0.0058
0.01923
-0.01495
0.00259
0.02686
-0.01434
-0.03769
0.00748
0.00504
-0.03479
-0.01953
0.00015
-0.05402
-0.04791
-0.01831
-0.01099
-0.02792
0.01984
0.00702
-0.03403
-0.0206
0.01099
-0.0351
-0.0264
-0.0061
-0.01831
-0.03677
0.01434
0.01694
-0.01434
-0.00305
0.01297
-0.03265
-0.01892
0.00061
-0.00458
-0.02396
0.01556
0.00259
-0.02502
0.01129
0.04211
0.00153
0.01556
0.03586
0.01846
0.01007
0.06897
0.06439
0.03128
0.03967
0.05569
0.00473
-0.00732
0.0267
0.00427
-0.03998
-0.00015
-0.00259
-0.05325
-0.04211
-0.02502
-0.07339
-0.05936
-0.03113
-0.04486
-0.07339
-0.03571
-0.04471
-0.08423
-0.07706
-0.04395
-0.08575
-0.07568
-0.06439
-0.07523
-0.09079
-0.0528
-0.06241
-0.07782
-0.05463
-0.04471
-0.10788
-0.09918
-0.07141
-0.07278
-0.09552
-0.04944
-0.05951
-0.07919
-0.05463
-0.03189
-0.08255
-0.05783
-0.01572
-0.01434
-0.02579
0.03342
0.01877
-0.01862
0.00031
0.03128
-0.01526
-0.00992
0.03372
0.02838
-0.00458
0.06454
0.06805
0.02914
0.05707
0.07935
0.01617
0.03494
0.05219
0.03006
0.01617
0.07843
0.05981
0.02258
0.04776
0.07751
0.03372
0.06607
0.0853
0.0589
0.03235
0.09125
0.08728
0.0589
0.09018
0.11749
0.06195
0.07019
0.08987
0.06866
0.04944
0.10834
0.09354
0.05981
0.0647
0.07309
0.00381
0.02045
0.05692
0.04837
0.02396
0.07233
0.0531
0.01724
0.04456
0.0766
0.01099
0.00504
0.03189
0.01312
-0.01938
0.04852
0.05615
0.02106
0.05188
0.08469
0.03738
0.06531
0.08835
0.05966
0.04181
0.09933
0.065
0.0293
0.05615
0.06805
0.01175
0.03311
0.05661
0.02914
0.01724
0.08957
0.0679
0.02151
0.02808
0.04944
-0.00992
0.01953
0.05661
0.03189
0.00061
0.05463
0.05768
0.02151
0.0531
0.07339
0.00092
0.01892
0.05035
0.01846
-0.00824
0.05402
0.03555
-0.00214
0.02396
0.0383
-0.03311
-0.01709
0.02213
-0.00061
-0.03418
0.02609
0.0206
-0.02213
0.009
0.03403
-0.03159
-0.00702
0.03342
0.01785
0.0058
0.06271
0.03387
-0.00031
0.02762
0.05127
-0.01053
0.01221
0.03708
-0.00198
-0.01694
0.04883
0.03235
-0.01389
0.00443
0.01175
-0.04944
-0.02304
0.01663
-0.01709
-0.04318
0.01495
0.00031
-0.03555
-0.00885
0.01602
-0.0386
-0.00259
0.0322
0.00259
-0.009
0.05051
0.03342
0.00183
0.03067
0.04425
-0.03052
-0.01709
0.02441
0.01022
-0.0322
0.02655
0.01389
-0.01358
0.01602
0.03357
-0.03586
-0.01221
0.03159
0.00397
-0.02319
0.03998
0.01938
-0.02975
-0.00305
0.01144
-0.04898
-0.02731
0.01038
-0.01724
-0.04318
0.01465
0.00351
-0.03479
-0.00626
0.01282
-0.05066
-0.02762
0.01282
-0.0235
-0.04517
0.01877
0.00656
-0.04257
-0.00519
0.01175
-0.04791
-0.02213
0.00793
-0.03723
-0.04959
0.01907
0.00717
-0.04105
-0.01175
0.00748
-0.04333
-0.01953
0.02274
-0.00214
-0.02365
0.05051
0.04837
-0.00427
0.01236
0.02914
-0.03494
-0.00412
0.04364
0.00443
-0.02182
0.03677
0.02441
-0.01221
0.02274
0.01968
-0.04486
-0.01587
0.03799
0.00137
-0.03311
0.00168
-0.01938
-0.06714
-0.02945
-0.02014
-0.08881
-0.06287
-0.01678
-0.04074
-0.04272
0.0177
-0.00198
-0.0441
-0.00626
0.01541
-0.03296
-0.0174
0.02945
-0.00366
-0.02472
0.04242
0.03494
-0.0177
0.0116
0.02808
-0.02121
0.00427
0.04318
0.02075
0.00397
0.04822
0.0322
0.0032
0.01709
0.02945
-0.02121
0.00595
0.04623
0.01343
-0.00122
0.04074
0.01907
-0.02274
0.02869
0.05341
-0.01007
-0.01083
0.02594
-0.00946
-0.02991
0.01801
0.00366
-0.04272
-0.00809
-0.00549
-0.05951
-0.0351
0.00656
-0.02197
-0.03098
0.0235
0.01236
-0.04135
-0.00732
0.00732
-0.04486
-0.02594
0.02487
-0.00854
-0.02136
0.02136
0.00763
-0.04089
-0.00473
0.00565
-0.0383
-0.0267
0.02213
-0.00229
-0.02563
-0.00656
-0.01465
-0.04486
-0.02823
-0.02884
-0.06546
-0.0441
0.01266
-0.0206
-0.0177
0.02594
0.01266
-0.02075
0.00458
0.0032
-0.05203
-0.0383
0.01022
-0.02243
-0.0267
0.02243
0.0148
-0.03677
0.00229
0.00366
-0.03311
-0.00931
0.03189
-0.01617
-0.02945
0.01038
0.00214
-0.03418
-0.00336
-0.0029
-0.03662
-0.00183
0.05203
0.02823
0.0264
0.0679
0.05096
0.00931
0.0528
0.05417
0.00641
0.0174
0.06378
0.03876
0.01053
0.04364
0.02335
-0.01053
0.02045
0.00732
-0.03738
-0.02136
0.03098
-0.009
0.00259
0.03891
0.02014
-0.0296
0.01282
0.01053
-0.02289
-0.00626
0.04272
-0.01099
-0.00641
0.04013
0.03708
-0.01602
0.0235
0.01892
-0.00076
0.02457
0.07629
0.02121
0.02136
0.06195
0.05066
-0.00031
0.03708
0.03754
0.00076
0.01389
0.06271
0.0267
0.0206
0.03479
0.01099
-0.06119
-0.00244
0.01038
-0.02335
-0.04211
-0.01175
-0.02457
0.03174
0.11429
0.15457
0.15091
0.18265
0.14969
0.10223
0.10056
0.13992
0.08224
0.06073
0.07126
0.03357
-0.04013
-0.01114
-0.04395
-0.06607
-0.04395
0.02075
-0.01465
-0.01328
-0.01389
-0.0618
-0.11444
-0.05875
-0.05478
-0.07782
-0.05905
0.0029
-0.05264
-0.04456
-0.02014
-0.03784
-0.09811
-0.04639
-0.05722
-0.07431
-0.04807
0.00061
-0.06165
-0.0444
-0.02228
-0.03098
-0.07004
-0.0177
-0.03799
-0.05859
-0.04166
0.00397
-0.04898
-0.03693
-0.01297
-0.01907
-0.04135
0.00229
-0.03098
-0.05264
-0.02457
0.02487
-0.01724
0.00427
0.02975
0.01251
-0.03113
0.03326
0.0058
-0.00916
0.01648
0.06866
0.01755
0.04654
0.06897
0.06729
0.03052
0.10162
0.0824
0.0705
0.09537
0.1474
0.08636
0.11642
0.13016
0.11139
0.05814
0.10727
0.06683
0.03006
0.04166
0.09308
0.04303
0.06744
0.08545
0.07172
0.02838
0.07584
0.05264
0.04929
0.07233
0.11353
0.0589
0.08759
0.07629
0.06195
0.01343
0.04654
-0.00153
-0.02762
-0.0206
0.01587
-0.05707
-0.03036
-0.03815
-0.06821
-0.1123
-0.06088
-0.10208
-0.11688
-0.103
-0.04623
-0.09186
-0.04379
-0.01068
-0.01129
-0.03464
0.03754
0.00565
0.00717
0.01678
0.04578
-0.01389
0.01907
0.01251
-0.01434
-0.05859
0.00031
-0.02853
-0.04333
-0.04105
-0.01007
-0.07828
-0.03738
-0.02411
-0.05554
-0.09262
-0.03799
-0.07523
-0.0798
-0.05478
-0.00275
-0.02945
0.05463
0.04425
0.02213
-0.00351
0.08545
0.04364
0.03021
0.03784
0.04776
-0.05234
-0.03845
-0.03738
-0.07309
-0.13321
-0.10147
-0.16998
-0.18448
-0.15747
-0.11307
-0.18219
-0.13336
-0.12283
-0.14267
-0.16678
-0.11078
-0.15549
-0.15839
-0.1326
-0.1001
-0.15533
-0.10788
-0.09399
-0.1178
-0.14374
-0.07401
-0.11658
-0.11017
-0.08026
-0.03311
-0.09384
-0.03815
-0.02686
-0.0499
-0.06805
0.00931
-0.03174
-0.03754
-0.00748
0.02991
-0.01755
0.05981
0.06851
0.03983
0.02228
0.11169
0.06027
0.05722
0.07416
0.10529
0.04028
0.08087
0.07278
0.03815
0.00153
0.06165
-0.00198
-0.0119
0.02014
0.0621
-0.00046
0.05569
0.07507
0.05615
0.04211
0.11536
0.07553
0.07401
0.09766
0.13992
0.07019
0.11566
0.12634
0.10132
0.06485
0.11292
0.05203
0.05188
0.07782
0.10269
0.02289
0.04913
0.04211
0.00778
-0.01663
0.02747
-0.03662
-0.05997
-0.05157
-0.03311
-0.1088
-0.05829
-0.0621
-0.11703
-0.12817
-0.05035
-0.10132
-0.1062
-0.07507
-0.04608
-0.09811
-0.04425
-0.04425
-0.07553
-0.08896
-0.01556
-0.05096
-0.04196
-0.00519
0.02701
-0.03006
0.03372
0.05814
0.03036
0.01526
0.08041
0.03372
0.03571
0.08606
0.11292
0.06699
0.13702
0.16205
0.13947
0.13
0.17868
0.11887
0.11276
0.15106
0.16235
0.0795
0.11642
0.11414
0.06531
0.03784
0.07919
0.01785
0.01282
0.03067
0.02258
-0.06927
-0.02914
-0.03891
-0.10361
-0.12543
-0.06927
-0.11047
-0.10895
-0.07355
-0.04623
-0.09018
-0.02396
-0.00656
-0.02991
-0.00702
0.07248
0.03799
0.0618
0.12726
0.15839
0.12268
0.18692
0.18646
0.14313
0.12192
0.16586
0.09506
0.07278
0.06714
0.0528
-0.01419
0.03021
0.00107
-0.05692
-0.08163
-0.03479
-0.10254
-0.09995
-0.0647
-0.05783
-0.10864
-0.05692
-0.05325
-0.09537
-0.08972
-0.04028
-0.09048
-0.08194
-0.03906
-0.03006
-0.08911
-0.03723
-0.02991
-0.06012
-0.06485
-0.00366
-0.05569
-0.04211
0.00244
0.02441
-0.02121
0.047
0.05219
0.01846
0.03372
0.09628
0.03845
0.05173
0.08423
0.0856
0.0325
0.09338
0.09079
0.0325
0.02899
0.08484
0.02106
0.01663
0.05951
0.05646
0.00183
0.06287
0.04059
-0.00397
-0.00977
0.03555
-0.02609
-0.03296
-0.00488
-0.01404
-0.0824
-0.03036
-0.04517
-0.09384
-0.08942
-0.04517
-0.10773
-0.103
-0.04425
-0.0267
-0.06348
0.0058
0.02853
-0.03143
-0.02304
0.03815
0.00244
-0.00336
0.01877
-0.00687
-0.07324
-0.03021
-0.03342
-0.08591
-0.07385
-0.02701
-0.08896
-0.08377
-0.03311
-0.04318
-0.06699
0.00076
0.00946
-0.02487
0.01389
0.08926
0.05814
0.07538
0.12939
0.14099
0.09506
0.1329
0.10544
0.02289
0.0087
0.01694
-0.07614
-0.08728
-0.05646
-0.06821
-0.10834
-0.05157
-0.04791
-0.09094
-0.06683
-0.02701
-0.08041
-0.06729
-0.02655
-0.00854
-0.03021
0.02975
0.05554
0.04608
0.05447
0.11261
0.06287
0.09918
0.13123
0.11215
0.04395
0.07477
0.05753
-0.00946
-0.01678
0.00229
-0.07294
-0.08499
-0.05737
-0.07736
-0.11948
-0.05981
-0.07477
-0.1181
-0.09735
-0.06485
-0.11383
-0.10834
-0.05524
-0.04349
-0.08133
-0.02335
-0.0058
-0.03647
-0.02411
0.00854
-0.03571
-0.01282
0.02792
0.0441
0.01968
0.07996
0.07721
0.04303
0.05249
0.09003
0.01923
0.00839
0.02762
0.02213
-0.02914
-0.00275
-0.03738
-0.08743
-0.10071
-0.08118
-0.12512
-0.10788
-0.06821
-0.07034
-0.09064
-0.0174
-0.01236
-0.0499
-0.03662
0.00137
-0.03876
-0.01816
0.01648
0.02411
-0.00534
0.05737
0.07248
0.04456
0.06958
0.1059
0.05814
0.07172
0.10162
0.09369
0.04715
0.09064
0.09644
0.05524
0.06287
0.08072
0.00885
0.02014
0.04959
0.03784
-0.01038
0.0325
0.01724
-0.0296
-0.0264
-0.01373
-0.0856
-0.07431
-0.03693
-0.03784
-0.07401
-0.02426
-0.02655
-0.06592
-0.05798
-0.02808
-0.08362
-0.06836
-0.04089
-0.04227
-0.07217
-0.0209
-0.02838
-0.05508
-0.03418
0.0032
-0.04715
-0.04028
0.01251
0.00931
-0.01328
0.0412
0.03113
-0.01404
0.00046
0.03693
-0.01099
0.00015
0.03189
0.01724
-0.01541
0.03815
0.03082
-0.01511
-0.01038
0.00443
-0.06454
-0.04898
-0.01068
-0.02472
-0.05814
0.00137
0.00305
-0.02777
-0.00916
0.02274
-0.0206
-0.00885
0.02472
0.02121
-0.00763
0.03296
0.03571
0.01312
0.01297
0.02426
-0.0293
-0.01022
0.02167
0.02182
0.00031
0.04456
0.05432
0.02808
0.04303
0.07248
0.01312
0.01312
0.03754
0.02655
0.00015
0.04166
0.02274
-0.01862
-0.00275
0.02167
-0.02686
-0.03067
-0.00732
-0.01556
-0.04105
0.00488
-0.00534
-0.04562
-0.04501
-0.02029
-0.07523
-0.06134
-0.02914
-0.03555
-0.04303
0.00793
0.01083
-0.01297
0.00122
0.02975
-0.01053
0.00488
0.04089
0.0322
0.02029
0.06104
0.03571
0.00122
0.02914
0.0296
-0.01724
0.00534
0.03448
0.01663
-0.00061
0.04608
0.04135
0.01389
0.03815
0.07034
0.02563
0.02853
0.05981
0.03983
0.0206
0.07813
0.07614
0.04333
0.05493
0.0647
0.0148
0.03098
0.06561
0.05356
0.03143
0.08545
0.07996
0.04547
0.05524
0.0737
0.0264
0.03311
0.05661
0.05157
0.02625
0.06271
0.056
0.02335
0.04242
0.06927
0.02335
0.02838
0.0473
0.04532
0.02808
0.0737
0.06699
0.02777
0.05219
0.06638
0.00458
0.01282
0.04959
0.02045
-0.00793
0.03021
0.02853
-0.0087
0.00717
0.01968
-0.03204
-0.01816
0.0119
-0.00397
-0.01953
0.02136
0.01556
-0.00534
0.01251
0.02777
-0.02182
-0.01694
0.02762
0.02472
0.00122
0.03143
0.03494
0.02289
0.03296
0.0386
-0.00153
0.01389
0.03387
0.0119
-0.01068
0.02716
0.00381
-0.03235
-0.01877
0.00717
-0.04471
-0.0386
-0.00443
-0.0264
-0.05035
0.00854
0.00214
-0.02258
-0.01083
0.01572
-0.03204
-0.02533
0.00031
0.00046
-0.03128
0.01236
0.0
-0.03738
-0.03159
-0.01297
-0.05829
-0.04852
-0.02045
-0.03555
-0.05356
0.00183
0.00961
-0.03128
-0.00748
0.00931
-0.02731
-0.0032
0.01999
0.00854
-0.00809
0.03784
0.03632
0.02243
0.04807
0.06943
0.02808
0.05203
0.08179
0.08347
0.04944
0.09399
0.08972
0.0618
0.07324
0.07416
0.01343
0.01328
0.01373
0.00229
-0.02899
0.00519
-0.00183
-0.03479
-0.03265
-0.00961
-0.05463
-0.06683
-0.04593
-0.05356
-0.06546
-0.02457
-0.03006
-0.06104
-0.02884
0.00137
-0.03952
-0.00916
0.03448
0.02426
0.00397
0.05905
0.04486
0.00885
0.01877
0.03204
-0.02457
-0.01602
-0.00031
-0.02335
-0.05264
-0.00107
-0.00687
-0.03296
-0.00931
0.00778
-0.04227
-0.02991
-0.01007
-0.03036
-0.06104
-0.01648
-0.02792
-0.05371
-0.03555
-0.02655
-0.07996
-0.06638
-0.03479
-0.04807
-0.07416
-0.03204
-0.05096
-0.08041
-0.05875
-0.05157
-0.1091
-0.09018
-0.08514
-0.09781
-0.09323
-0.03036
-0.02945
-0.05356
-0.02762
0.00565
-0.04181
-0.02731
0.00977
-0.00153
-0.01328
0.03693
0.01541
-0.0087
0.00412
0.03113
-0.01877
0.01633
0.04715
0.03067
0.01846
0.08011
0.0737
0.04379
0.07309
0.09796
0.04593
0.07065
0.10437
0.08453
0.05417
0.10437
0.08987
0.06042
0.0766
0.08636
0.03357
0.0621
0.09735
0.07462
0.05722
0.112
0.11078
0.07675
0.0885
0.09109
0.02167
0.04684
0.04807
0.01083
-0.02502
0.02686
-0.00748
-0.03983
-0.02121
0.0
-0.06561
-0.05661
-0.03906
-0.06134
-0.08331
-0.03326
-0.05173
-0.08041
-0.04303
-0.00763
-0.06119
-0.02686
0.01877
-0.00122
-0.01556
0.03784
0.02396
-0.00183
0.01892
0.03098
-0.03815
-0.02899
-0.00122
-0.01572
-0.03021
0.04166
0.03372
0.0058
0.03036
0.05585
0.00336
0.02533
0.05829
0.03937
0.00977
0.06149
0.04227
0.00763
0.02808
0.0441
-0.02808
-0.00351
0.00336
-0.04913
-0.0737
-0.00671
-0.03525
-0.07278
-0.05295
-0.03281
-0.0885
-0.05341
-0.0238
-0.04028
-0.06561
0.00977
0.00214
-0.03967
-0.00229
0.03586
-0.01114
0.02594
0.07828
0.07339
0.06027
0.11719
0.09354
0.05051
0.07111
0.07843
-0.00977
-0.00397
0.01541
-0.00961
-0.03204
0.02914
0.00595
-0.02502
0.00549
0.02808
-0.03708
-0.0235
0.01007
-0.01724
-0.03815
0.02838
0.00076
-0.03418
-0.0148
0.00748
-0.05951
-0.03693
0.00107
-0.03738
-0.04974
0.01846
0.01602
-0.03357
0.00427
0.0351
-0.0238
0.01694
0.05859
0.03448
0.02396
0.09338
0.08957
0.06363
0.09659
0.12985
0.06546
0.08484
0.11017
0.06897
0.02792
0.07462
0.04044
-0.01953
-0.00916
-0.00366
-0.08087
-0.06943
-0.04089
-0.07126
-0.09491
-0.03311
-0.04181
-0.07019
-0.02136
-0.00153
-0.04562
-0.01602
0.04471
0.03571
0.02975
0.08865
0.06256
0.01038
0.03876
0.0386
-0.05066
-0.03326
-0.00092
-0.07065
-0.09888
-0.04028
-0.04654
-0.10178
-0.07538
-0.04471
-0.11383
-0.09872
-0.06012
-0.08682
-0.09796
-0.02731
-0.04044
-0.0914
-0.05478
-0.03067
-0.07706
-0.05371
-0.00595
-0.04059
-0.0621
0.00214
-0.01434
-0.05615
-0.02289
-0.0116
-0.06393
-0.03769
0.01251
-0.01617
-0.04272
0.02014
0.01221
-0.02441
0.01465
0.00824
-0.06653
-0.04807
0.00504
-0.0238
-0.04105
0.00244
-0.01816
-0.07294
-0.02609
-0.00732
-0.07248
-0.0499
-0.00244
-0.05356
-0.07187
-0.01099
-0.01022
-0.04822
-0.01083
0.00305
-0.05417
-0.03372
0.01877
0.00076
-0.00671
0.05051
0.0267
-0.01434
0.03342
0.05493
0.00046
0.02579
0.07584
0.04425
0.03616
0.09125
0.08011
0.0293
0.0647
0.07889
0.02762
0.04089
0.07843
0.04547
0.01923
0.0708
0.04974
-0.00687
0.0209
0.02731
-0.02792
-0.01633
0.03738
-0.00076
-0.01587
0.04288
0.02808
-0.02991
-0.00702
0.02228
-0.02213
0.00427
0.05859
0.00565
0.01312
0.07843
0.08347
0.03021
0.09277
0.11093
0.06119
0.09842
0.1387
0.09705
0.09384
0.12787
0.1059
0.05844
0.08865
0.09995
0.04303
0.04852
0.09674
0.06332
0.05692
0.10147
0.08163
0.03311
0.06073
0.05905
-0.00443
-0.00549
0.02823
-0.00244
-0.01648
0.02396
0.00153
-0.05447
-0.01831
-0.0119
-0.06088
-0.03571
0.01053
-0.02457
-0.02319
0.02686
0.01831
-0.03448
0.01175
0.0264
-0.01938
0.00565
0.06012
-0.00702
-0.01801
0.02975
0.03281
-0.0029
0.04257
0.0441
0.00916
0.0412
0.10315
0.07477
0.05356
0.08728
0.06607
0.0145
0
0
0
